{
 "cells": [
  {
   "cell_type": "code",
   "execution_count": 252,
   "metadata": {},
   "outputs": [],
   "source": [
    "import numpy as np\n",
    "import pandas as pd\n",
    "import matplotlib.pyplot as plt\n",
    "from sklearn.datasets import load_boston\n",
    "from sklearn.model_selection import train_test_split"
   ]
  },
  {
   "cell_type": "code",
   "execution_count": 253,
   "metadata": {},
   "outputs": [
    {
     "name": "stderr",
     "output_type": "stream",
     "text": [
      "C:\\Users\\M.Najafi\\AppData\\Local\\Programs\\Python\\Python310\\lib\\site-packages\\sklearn\\utils\\deprecation.py:87: FutureWarning: Function load_boston is deprecated; `load_boston` is deprecated in 1.0 and will be removed in 1.2.\n",
      "\n",
      "    The Boston housing prices dataset has an ethical problem. You can refer to\n",
      "    the documentation of this function for further details.\n",
      "\n",
      "    The scikit-learn maintainers therefore strongly discourage the use of this\n",
      "    dataset unless the purpose of the code is to study and educate about\n",
      "    ethical issues in data science and machine learning.\n",
      "\n",
      "    In this special case, you can fetch the dataset from the original\n",
      "    source::\n",
      "\n",
      "        import pandas as pd\n",
      "        import numpy as np\n",
      "\n",
      "\n",
      "        data_url = \"http://lib.stat.cmu.edu/datasets/boston\"\n",
      "        raw_df = pd.read_csv(data_url, sep=\"\\s+\", skiprows=22, header=None)\n",
      "        data = np.hstack([raw_df.values[::2, :], raw_df.values[1::2, :2]])\n",
      "        target = raw_df.values[1::2, 2]\n",
      "\n",
      "    Alternative datasets include the California housing dataset (i.e.\n",
      "    :func:`~sklearn.datasets.fetch_california_housing`) and the Ames housing\n",
      "    dataset. You can load the datasets as follows::\n",
      "\n",
      "        from sklearn.datasets import fetch_california_housing\n",
      "        housing = fetch_california_housing()\n",
      "\n",
      "    for the California housing dataset and::\n",
      "\n",
      "        from sklearn.datasets import fetch_openml\n",
      "        housing = fetch_openml(name=\"house_prices\", as_frame=True)\n",
      "\n",
      "    for the Ames housing dataset.\n",
      "    \n",
      "  warnings.warn(msg, category=FutureWarning)\n"
     ]
    },
    {
     "data": {
      "text/plain": [
       "{'data': array([[6.3200e-03, 1.8000e+01, 2.3100e+00, ..., 1.5300e+01, 3.9690e+02,\n",
       "         4.9800e+00],\n",
       "        [2.7310e-02, 0.0000e+00, 7.0700e+00, ..., 1.7800e+01, 3.9690e+02,\n",
       "         9.1400e+00],\n",
       "        [2.7290e-02, 0.0000e+00, 7.0700e+00, ..., 1.7800e+01, 3.9283e+02,\n",
       "         4.0300e+00],\n",
       "        ...,\n",
       "        [6.0760e-02, 0.0000e+00, 1.1930e+01, ..., 2.1000e+01, 3.9690e+02,\n",
       "         5.6400e+00],\n",
       "        [1.0959e-01, 0.0000e+00, 1.1930e+01, ..., 2.1000e+01, 3.9345e+02,\n",
       "         6.4800e+00],\n",
       "        [4.7410e-02, 0.0000e+00, 1.1930e+01, ..., 2.1000e+01, 3.9690e+02,\n",
       "         7.8800e+00]]),\n",
       " 'target': array([24. , 21.6, 34.7, 33.4, 36.2, 28.7, 22.9, 27.1, 16.5, 18.9, 15. ,\n",
       "        18.9, 21.7, 20.4, 18.2, 19.9, 23.1, 17.5, 20.2, 18.2, 13.6, 19.6,\n",
       "        15.2, 14.5, 15.6, 13.9, 16.6, 14.8, 18.4, 21. , 12.7, 14.5, 13.2,\n",
       "        13.1, 13.5, 18.9, 20. , 21. , 24.7, 30.8, 34.9, 26.6, 25.3, 24.7,\n",
       "        21.2, 19.3, 20. , 16.6, 14.4, 19.4, 19.7, 20.5, 25. , 23.4, 18.9,\n",
       "        35.4, 24.7, 31.6, 23.3, 19.6, 18.7, 16. , 22.2, 25. , 33. , 23.5,\n",
       "        19.4, 22. , 17.4, 20.9, 24.2, 21.7, 22.8, 23.4, 24.1, 21.4, 20. ,\n",
       "        20.8, 21.2, 20.3, 28. , 23.9, 24.8, 22.9, 23.9, 26.6, 22.5, 22.2,\n",
       "        23.6, 28.7, 22.6, 22. , 22.9, 25. , 20.6, 28.4, 21.4, 38.7, 43.8,\n",
       "        33.2, 27.5, 26.5, 18.6, 19.3, 20.1, 19.5, 19.5, 20.4, 19.8, 19.4,\n",
       "        21.7, 22.8, 18.8, 18.7, 18.5, 18.3, 21.2, 19.2, 20.4, 19.3, 22. ,\n",
       "        20.3, 20.5, 17.3, 18.8, 21.4, 15.7, 16.2, 18. , 14.3, 19.2, 19.6,\n",
       "        23. , 18.4, 15.6, 18.1, 17.4, 17.1, 13.3, 17.8, 14. , 14.4, 13.4,\n",
       "        15.6, 11.8, 13.8, 15.6, 14.6, 17.8, 15.4, 21.5, 19.6, 15.3, 19.4,\n",
       "        17. , 15.6, 13.1, 41.3, 24.3, 23.3, 27. , 50. , 50. , 50. , 22.7,\n",
       "        25. , 50. , 23.8, 23.8, 22.3, 17.4, 19.1, 23.1, 23.6, 22.6, 29.4,\n",
       "        23.2, 24.6, 29.9, 37.2, 39.8, 36.2, 37.9, 32.5, 26.4, 29.6, 50. ,\n",
       "        32. , 29.8, 34.9, 37. , 30.5, 36.4, 31.1, 29.1, 50. , 33.3, 30.3,\n",
       "        34.6, 34.9, 32.9, 24.1, 42.3, 48.5, 50. , 22.6, 24.4, 22.5, 24.4,\n",
       "        20. , 21.7, 19.3, 22.4, 28.1, 23.7, 25. , 23.3, 28.7, 21.5, 23. ,\n",
       "        26.7, 21.7, 27.5, 30.1, 44.8, 50. , 37.6, 31.6, 46.7, 31.5, 24.3,\n",
       "        31.7, 41.7, 48.3, 29. , 24. , 25.1, 31.5, 23.7, 23.3, 22. , 20.1,\n",
       "        22.2, 23.7, 17.6, 18.5, 24.3, 20.5, 24.5, 26.2, 24.4, 24.8, 29.6,\n",
       "        42.8, 21.9, 20.9, 44. , 50. , 36. , 30.1, 33.8, 43.1, 48.8, 31. ,\n",
       "        36.5, 22.8, 30.7, 50. , 43.5, 20.7, 21.1, 25.2, 24.4, 35.2, 32.4,\n",
       "        32. , 33.2, 33.1, 29.1, 35.1, 45.4, 35.4, 46. , 50. , 32.2, 22. ,\n",
       "        20.1, 23.2, 22.3, 24.8, 28.5, 37.3, 27.9, 23.9, 21.7, 28.6, 27.1,\n",
       "        20.3, 22.5, 29. , 24.8, 22. , 26.4, 33.1, 36.1, 28.4, 33.4, 28.2,\n",
       "        22.8, 20.3, 16.1, 22.1, 19.4, 21.6, 23.8, 16.2, 17.8, 19.8, 23.1,\n",
       "        21. , 23.8, 23.1, 20.4, 18.5, 25. , 24.6, 23. , 22.2, 19.3, 22.6,\n",
       "        19.8, 17.1, 19.4, 22.2, 20.7, 21.1, 19.5, 18.5, 20.6, 19. , 18.7,\n",
       "        32.7, 16.5, 23.9, 31.2, 17.5, 17.2, 23.1, 24.5, 26.6, 22.9, 24.1,\n",
       "        18.6, 30.1, 18.2, 20.6, 17.8, 21.7, 22.7, 22.6, 25. , 19.9, 20.8,\n",
       "        16.8, 21.9, 27.5, 21.9, 23.1, 50. , 50. , 50. , 50. , 50. , 13.8,\n",
       "        13.8, 15. , 13.9, 13.3, 13.1, 10.2, 10.4, 10.9, 11.3, 12.3,  8.8,\n",
       "         7.2, 10.5,  7.4, 10.2, 11.5, 15.1, 23.2,  9.7, 13.8, 12.7, 13.1,\n",
       "        12.5,  8.5,  5. ,  6.3,  5.6,  7.2, 12.1,  8.3,  8.5,  5. , 11.9,\n",
       "        27.9, 17.2, 27.5, 15. , 17.2, 17.9, 16.3,  7. ,  7.2,  7.5, 10.4,\n",
       "         8.8,  8.4, 16.7, 14.2, 20.8, 13.4, 11.7,  8.3, 10.2, 10.9, 11. ,\n",
       "         9.5, 14.5, 14.1, 16.1, 14.3, 11.7, 13.4,  9.6,  8.7,  8.4, 12.8,\n",
       "        10.5, 17.1, 18.4, 15.4, 10.8, 11.8, 14.9, 12.6, 14.1, 13. , 13.4,\n",
       "        15.2, 16.1, 17.8, 14.9, 14.1, 12.7, 13.5, 14.9, 20. , 16.4, 17.7,\n",
       "        19.5, 20.2, 21.4, 19.9, 19. , 19.1, 19.1, 20.1, 19.9, 19.6, 23.2,\n",
       "        29.8, 13.8, 13.3, 16.7, 12. , 14.6, 21.4, 23. , 23.7, 25. , 21.8,\n",
       "        20.6, 21.2, 19.1, 20.6, 15.2,  7. ,  8.1, 13.6, 20.1, 21.8, 24.5,\n",
       "        23.1, 19.7, 18.3, 21.2, 17.5, 16.8, 22.4, 20.6, 23.9, 22. , 11.9]),\n",
       " 'feature_names': array(['CRIM', 'ZN', 'INDUS', 'CHAS', 'NOX', 'RM', 'AGE', 'DIS', 'RAD',\n",
       "        'TAX', 'PTRATIO', 'B', 'LSTAT'], dtype='<U7'),\n",
       " 'DESCR': \".. _boston_dataset:\\n\\nBoston house prices dataset\\n---------------------------\\n\\n**Data Set Characteristics:**  \\n\\n    :Number of Instances: 506 \\n\\n    :Number of Attributes: 13 numeric/categorical predictive. Median Value (attribute 14) is usually the target.\\n\\n    :Attribute Information (in order):\\n        - CRIM     per capita crime rate by town\\n        - ZN       proportion of residential land zoned for lots over 25,000 sq.ft.\\n        - INDUS    proportion of non-retail business acres per town\\n        - CHAS     Charles River dummy variable (= 1 if tract bounds river; 0 otherwise)\\n        - NOX      nitric oxides concentration (parts per 10 million)\\n        - RM       average number of rooms per dwelling\\n        - AGE      proportion of owner-occupied units built prior to 1940\\n        - DIS      weighted distances to five Boston employment centres\\n        - RAD      index of accessibility to radial highways\\n        - TAX      full-value property-tax rate per $10,000\\n        - PTRATIO  pupil-teacher ratio by town\\n        - B        1000(Bk - 0.63)^2 where Bk is the proportion of black people by town\\n        - LSTAT    % lower status of the population\\n        - MEDV     Median value of owner-occupied homes in $1000's\\n\\n    :Missing Attribute Values: None\\n\\n    :Creator: Harrison, D. and Rubinfeld, D.L.\\n\\nThis is a copy of UCI ML housing dataset.\\nhttps://archive.ics.uci.edu/ml/machine-learning-databases/housing/\\n\\n\\nThis dataset was taken from the StatLib library which is maintained at Carnegie Mellon University.\\n\\nThe Boston house-price data of Harrison, D. and Rubinfeld, D.L. 'Hedonic\\nprices and the demand for clean air', J. Environ. Economics & Management,\\nvol.5, 81-102, 1978.   Used in Belsley, Kuh & Welsch, 'Regression diagnostics\\n...', Wiley, 1980.   N.B. Various transformations are used in the table on\\npages 244-261 of the latter.\\n\\nThe Boston house-price data has been used in many machine learning papers that address regression\\nproblems.   \\n     \\n.. topic:: References\\n\\n   - Belsley, Kuh & Welsch, 'Regression diagnostics: Identifying Influential Data and Sources of Collinearity', Wiley, 1980. 244-261.\\n   - Quinlan,R. (1993). Combining Instance-Based and Model-Based Learning. In Proceedings on the Tenth International Conference of Machine Learning, 236-243, University of Massachusetts, Amherst. Morgan Kaufmann.\\n\",\n",
       " 'filename': 'boston_house_prices.csv',\n",
       " 'data_module': 'sklearn.datasets.data'}"
      ]
     },
     "execution_count": 253,
     "metadata": {},
     "output_type": "execute_result"
    }
   ],
   "source": [
    "boston = load_boston()\n",
    "boston"
   ]
  },
  {
   "cell_type": "markdown",
   "metadata": {},
   "source": [
    "- Info about columns names\n",
    "    - ZN: proportion of residential land zoned for lots over 25,000 sq.ft.\n",
    "    - INDUS: proportion of non-retail business acres per town\n",
    "    - CHAS: Charles River dummy variable (= 1 if tract bounds river; 0 otherwise)\n",
    "    - NOX: nitric oxides concentration (parts per 10 million)\n",
    "    - RM: average number of rooms per dwelling\n",
    "    - AGE: proportion of owner-occupied units built prior to 1940\n",
    "    - DIS: weighted distances to ﬁve Boston employment centers\n",
    "    - RAD: index of accessibility to radial highways\n",
    "    - TAX: full-value property-tax rate per $10,000\n",
    "    - PTRATIO: pupil-teacher ratio by town 12. B: 1000(Bk−0.63)2 where Bk is the proportion of blacks by town 13. LSTAT: % lower status of the population\n",
    "    - MEDV: Median value of owner-occupied homes in $1000s"
   ]
  },
  {
   "cell_type": "code",
   "execution_count": 254,
   "metadata": {},
   "outputs": [
    {
     "data": {
      "text/html": [
       "<div>\n",
       "<style scoped>\n",
       "    .dataframe tbody tr th:only-of-type {\n",
       "        vertical-align: middle;\n",
       "    }\n",
       "\n",
       "    .dataframe tbody tr th {\n",
       "        vertical-align: top;\n",
       "    }\n",
       "\n",
       "    .dataframe thead th {\n",
       "        text-align: right;\n",
       "    }\n",
       "</style>\n",
       "<table border=\"1\" class=\"dataframe\">\n",
       "  <thead>\n",
       "    <tr style=\"text-align: right;\">\n",
       "      <th></th>\n",
       "      <th>CRIM</th>\n",
       "      <th>ZN</th>\n",
       "      <th>INDUS</th>\n",
       "      <th>CHAS</th>\n",
       "      <th>NOX</th>\n",
       "      <th>RM</th>\n",
       "      <th>AGE</th>\n",
       "      <th>DIS</th>\n",
       "      <th>RAD</th>\n",
       "      <th>TAX</th>\n",
       "      <th>PTRATIO</th>\n",
       "      <th>B</th>\n",
       "      <th>LSTAT</th>\n",
       "      <th>Price</th>\n",
       "    </tr>\n",
       "  </thead>\n",
       "  <tbody>\n",
       "    <tr>\n",
       "      <th>CRIM</th>\n",
       "      <td>1.000000</td>\n",
       "      <td>-0.198706</td>\n",
       "      <td>0.405086</td>\n",
       "      <td>-0.064828</td>\n",
       "      <td>0.419798</td>\n",
       "      <td>-0.212511</td>\n",
       "      <td>0.354775</td>\n",
       "      <td>-0.385267</td>\n",
       "      <td>0.625818</td>\n",
       "      <td>0.581794</td>\n",
       "      <td>0.283642</td>\n",
       "      <td>-0.382084</td>\n",
       "      <td>0.459510</td>\n",
       "      <td>-0.488403</td>\n",
       "    </tr>\n",
       "    <tr>\n",
       "      <th>ZN</th>\n",
       "      <td>-0.198706</td>\n",
       "      <td>1.000000</td>\n",
       "      <td>-0.528317</td>\n",
       "      <td>-0.055404</td>\n",
       "      <td>-0.512295</td>\n",
       "      <td>0.309660</td>\n",
       "      <td>-0.565324</td>\n",
       "      <td>0.684478</td>\n",
       "      <td>-0.304895</td>\n",
       "      <td>-0.298528</td>\n",
       "      <td>-0.372046</td>\n",
       "      <td>0.174938</td>\n",
       "      <td>-0.421969</td>\n",
       "      <td>0.419465</td>\n",
       "    </tr>\n",
       "    <tr>\n",
       "      <th>INDUS</th>\n",
       "      <td>0.405086</td>\n",
       "      <td>-0.528317</td>\n",
       "      <td>1.000000</td>\n",
       "      <td>0.040593</td>\n",
       "      <td>0.768651</td>\n",
       "      <td>-0.389538</td>\n",
       "      <td>0.639564</td>\n",
       "      <td>-0.720925</td>\n",
       "      <td>0.594727</td>\n",
       "      <td>0.713181</td>\n",
       "      <td>0.372329</td>\n",
       "      <td>-0.360200</td>\n",
       "      <td>0.629017</td>\n",
       "      <td>-0.620829</td>\n",
       "    </tr>\n",
       "    <tr>\n",
       "      <th>CHAS</th>\n",
       "      <td>-0.064828</td>\n",
       "      <td>-0.055404</td>\n",
       "      <td>0.040593</td>\n",
       "      <td>1.000000</td>\n",
       "      <td>0.092866</td>\n",
       "      <td>0.050951</td>\n",
       "      <td>0.075836</td>\n",
       "      <td>-0.084525</td>\n",
       "      <td>-0.032681</td>\n",
       "      <td>-0.065208</td>\n",
       "      <td>-0.119143</td>\n",
       "      <td>0.043010</td>\n",
       "      <td>-0.004245</td>\n",
       "      <td>0.084253</td>\n",
       "    </tr>\n",
       "    <tr>\n",
       "      <th>NOX</th>\n",
       "      <td>0.419798</td>\n",
       "      <td>-0.512295</td>\n",
       "      <td>0.768651</td>\n",
       "      <td>0.092866</td>\n",
       "      <td>1.000000</td>\n",
       "      <td>-0.321772</td>\n",
       "      <td>0.725946</td>\n",
       "      <td>-0.768588</td>\n",
       "      <td>0.613170</td>\n",
       "      <td>0.668857</td>\n",
       "      <td>0.187971</td>\n",
       "      <td>-0.382447</td>\n",
       "      <td>0.613465</td>\n",
       "      <td>-0.570600</td>\n",
       "    </tr>\n",
       "    <tr>\n",
       "      <th>RM</th>\n",
       "      <td>-0.212511</td>\n",
       "      <td>0.309660</td>\n",
       "      <td>-0.389538</td>\n",
       "      <td>0.050951</td>\n",
       "      <td>-0.321772</td>\n",
       "      <td>1.000000</td>\n",
       "      <td>-0.262007</td>\n",
       "      <td>0.259596</td>\n",
       "      <td>-0.180539</td>\n",
       "      <td>-0.253764</td>\n",
       "      <td>-0.231061</td>\n",
       "      <td>0.104898</td>\n",
       "      <td>-0.587956</td>\n",
       "      <td>0.602755</td>\n",
       "    </tr>\n",
       "    <tr>\n",
       "      <th>AGE</th>\n",
       "      <td>0.354775</td>\n",
       "      <td>-0.565324</td>\n",
       "      <td>0.639564</td>\n",
       "      <td>0.075836</td>\n",
       "      <td>0.725946</td>\n",
       "      <td>-0.262007</td>\n",
       "      <td>1.000000</td>\n",
       "      <td>-0.743098</td>\n",
       "      <td>0.453478</td>\n",
       "      <td>0.502142</td>\n",
       "      <td>0.275670</td>\n",
       "      <td>-0.278426</td>\n",
       "      <td>0.644072</td>\n",
       "      <td>-0.535058</td>\n",
       "    </tr>\n",
       "    <tr>\n",
       "      <th>DIS</th>\n",
       "      <td>-0.385267</td>\n",
       "      <td>0.684478</td>\n",
       "      <td>-0.720925</td>\n",
       "      <td>-0.084525</td>\n",
       "      <td>-0.768588</td>\n",
       "      <td>0.259596</td>\n",
       "      <td>-0.743098</td>\n",
       "      <td>1.000000</td>\n",
       "      <td>-0.496602</td>\n",
       "      <td>-0.539234</td>\n",
       "      <td>-0.263740</td>\n",
       "      <td>0.300698</td>\n",
       "      <td>-0.548188</td>\n",
       "      <td>0.420821</td>\n",
       "    </tr>\n",
       "    <tr>\n",
       "      <th>RAD</th>\n",
       "      <td>0.625818</td>\n",
       "      <td>-0.304895</td>\n",
       "      <td>0.594727</td>\n",
       "      <td>-0.032681</td>\n",
       "      <td>0.613170</td>\n",
       "      <td>-0.180539</td>\n",
       "      <td>0.453478</td>\n",
       "      <td>-0.496602</td>\n",
       "      <td>1.000000</td>\n",
       "      <td>0.910463</td>\n",
       "      <td>0.453893</td>\n",
       "      <td>-0.449226</td>\n",
       "      <td>0.506347</td>\n",
       "      <td>-0.509836</td>\n",
       "    </tr>\n",
       "    <tr>\n",
       "      <th>TAX</th>\n",
       "      <td>0.581794</td>\n",
       "      <td>-0.298528</td>\n",
       "      <td>0.713181</td>\n",
       "      <td>-0.065208</td>\n",
       "      <td>0.668857</td>\n",
       "      <td>-0.253764</td>\n",
       "      <td>0.502142</td>\n",
       "      <td>-0.539234</td>\n",
       "      <td>0.910463</td>\n",
       "      <td>1.000000</td>\n",
       "      <td>0.441404</td>\n",
       "      <td>-0.445670</td>\n",
       "      <td>0.557087</td>\n",
       "      <td>-0.597001</td>\n",
       "    </tr>\n",
       "    <tr>\n",
       "      <th>PTRATIO</th>\n",
       "      <td>0.283642</td>\n",
       "      <td>-0.372046</td>\n",
       "      <td>0.372329</td>\n",
       "      <td>-0.119143</td>\n",
       "      <td>0.187971</td>\n",
       "      <td>-0.231061</td>\n",
       "      <td>0.275670</td>\n",
       "      <td>-0.263740</td>\n",
       "      <td>0.453893</td>\n",
       "      <td>0.441404</td>\n",
       "      <td>1.000000</td>\n",
       "      <td>-0.167460</td>\n",
       "      <td>0.328515</td>\n",
       "      <td>-0.482575</td>\n",
       "    </tr>\n",
       "    <tr>\n",
       "      <th>B</th>\n",
       "      <td>-0.382084</td>\n",
       "      <td>0.174938</td>\n",
       "      <td>-0.360200</td>\n",
       "      <td>0.043010</td>\n",
       "      <td>-0.382447</td>\n",
       "      <td>0.104898</td>\n",
       "      <td>-0.278426</td>\n",
       "      <td>0.300698</td>\n",
       "      <td>-0.449226</td>\n",
       "      <td>-0.445670</td>\n",
       "      <td>-0.167460</td>\n",
       "      <td>1.000000</td>\n",
       "      <td>-0.361195</td>\n",
       "      <td>0.394322</td>\n",
       "    </tr>\n",
       "    <tr>\n",
       "      <th>LSTAT</th>\n",
       "      <td>0.459510</td>\n",
       "      <td>-0.421969</td>\n",
       "      <td>0.629017</td>\n",
       "      <td>-0.004245</td>\n",
       "      <td>0.613465</td>\n",
       "      <td>-0.587956</td>\n",
       "      <td>0.644072</td>\n",
       "      <td>-0.548188</td>\n",
       "      <td>0.506347</td>\n",
       "      <td>0.557087</td>\n",
       "      <td>0.328515</td>\n",
       "      <td>-0.361195</td>\n",
       "      <td>1.000000</td>\n",
       "      <td>-0.775144</td>\n",
       "    </tr>\n",
       "    <tr>\n",
       "      <th>Price</th>\n",
       "      <td>-0.488403</td>\n",
       "      <td>0.419465</td>\n",
       "      <td>-0.620829</td>\n",
       "      <td>0.084253</td>\n",
       "      <td>-0.570600</td>\n",
       "      <td>0.602755</td>\n",
       "      <td>-0.535058</td>\n",
       "      <td>0.420821</td>\n",
       "      <td>-0.509836</td>\n",
       "      <td>-0.597001</td>\n",
       "      <td>-0.482575</td>\n",
       "      <td>0.394322</td>\n",
       "      <td>-0.775144</td>\n",
       "      <td>1.000000</td>\n",
       "    </tr>\n",
       "  </tbody>\n",
       "</table>\n",
       "</div>"
      ],
      "text/plain": [
       "             CRIM        ZN     INDUS      CHAS       NOX        RM       AGE  \\\n",
       "CRIM     1.000000 -0.198706  0.405086 -0.064828  0.419798 -0.212511  0.354775   \n",
       "ZN      -0.198706  1.000000 -0.528317 -0.055404 -0.512295  0.309660 -0.565324   \n",
       "INDUS    0.405086 -0.528317  1.000000  0.040593  0.768651 -0.389538  0.639564   \n",
       "CHAS    -0.064828 -0.055404  0.040593  1.000000  0.092866  0.050951  0.075836   \n",
       "NOX      0.419798 -0.512295  0.768651  0.092866  1.000000 -0.321772  0.725946   \n",
       "RM      -0.212511  0.309660 -0.389538  0.050951 -0.321772  1.000000 -0.262007   \n",
       "AGE      0.354775 -0.565324  0.639564  0.075836  0.725946 -0.262007  1.000000   \n",
       "DIS     -0.385267  0.684478 -0.720925 -0.084525 -0.768588  0.259596 -0.743098   \n",
       "RAD      0.625818 -0.304895  0.594727 -0.032681  0.613170 -0.180539  0.453478   \n",
       "TAX      0.581794 -0.298528  0.713181 -0.065208  0.668857 -0.253764  0.502142   \n",
       "PTRATIO  0.283642 -0.372046  0.372329 -0.119143  0.187971 -0.231061  0.275670   \n",
       "B       -0.382084  0.174938 -0.360200  0.043010 -0.382447  0.104898 -0.278426   \n",
       "LSTAT    0.459510 -0.421969  0.629017 -0.004245  0.613465 -0.587956  0.644072   \n",
       "Price   -0.488403  0.419465 -0.620829  0.084253 -0.570600  0.602755 -0.535058   \n",
       "\n",
       "              DIS       RAD       TAX   PTRATIO         B     LSTAT     Price  \n",
       "CRIM    -0.385267  0.625818  0.581794  0.283642 -0.382084  0.459510 -0.488403  \n",
       "ZN       0.684478 -0.304895 -0.298528 -0.372046  0.174938 -0.421969  0.419465  \n",
       "INDUS   -0.720925  0.594727  0.713181  0.372329 -0.360200  0.629017 -0.620829  \n",
       "CHAS    -0.084525 -0.032681 -0.065208 -0.119143  0.043010 -0.004245  0.084253  \n",
       "NOX     -0.768588  0.613170  0.668857  0.187971 -0.382447  0.613465 -0.570600  \n",
       "RM       0.259596 -0.180539 -0.253764 -0.231061  0.104898 -0.587956  0.602755  \n",
       "AGE     -0.743098  0.453478  0.502142  0.275670 -0.278426  0.644072 -0.535058  \n",
       "DIS      1.000000 -0.496602 -0.539234 -0.263740  0.300698 -0.548188  0.420821  \n",
       "RAD     -0.496602  1.000000  0.910463  0.453893 -0.449226  0.506347 -0.509836  \n",
       "TAX     -0.539234  0.910463  1.000000  0.441404 -0.445670  0.557087 -0.597001  \n",
       "PTRATIO -0.263740  0.453893  0.441404  1.000000 -0.167460  0.328515 -0.482575  \n",
       "B        0.300698 -0.449226 -0.445670 -0.167460  1.000000 -0.361195  0.394322  \n",
       "LSTAT   -0.548188  0.506347  0.557087  0.328515 -0.361195  1.000000 -0.775144  \n",
       "Price    0.420821 -0.509836 -0.597001 -0.482575  0.394322 -0.775144  1.000000  "
      ]
     },
     "execution_count": 254,
     "metadata": {},
     "output_type": "execute_result"
    }
   ],
   "source": [
    "data = pd.DataFrame(boston.data, columns=boston.feature_names)\n",
    "data[\"Price\"] = boston.target\n",
    "data = data.loc[data[\"Price\"] < 40] # Reduse noises\n",
    "data.corr()"
   ]
  },
  {
   "cell_type": "code",
   "execution_count": 255,
   "metadata": {},
   "outputs": [
    {
     "data": {
      "text/plain": [
       "(475, 2)"
      ]
     },
     "execution_count": 255,
     "metadata": {},
     "output_type": "execute_result"
    }
   ],
   "source": [
    "X = data[[\"ZN\", \"RM\"]].values\n",
    "X.shape"
   ]
  },
  {
   "cell_type": "code",
   "execution_count": 256,
   "metadata": {},
   "outputs": [
    {
     "data": {
      "text/plain": [
       "(475, 1)"
      ]
     },
     "execution_count": 256,
     "metadata": {},
     "output_type": "execute_result"
    }
   ],
   "source": [
    "Y = data[\"Price\"].values\n",
    "Y = Y.reshape(-1, 1)\n",
    "Y.shape"
   ]
  },
  {
   "cell_type": "code",
   "execution_count": 257,
   "metadata": {},
   "outputs": [
    {
     "name": "stdout",
     "output_type": "stream",
     "text": [
      "(356, 2) (356, 1)\n"
     ]
    }
   ],
   "source": [
    "X_train, X_test, Y_train, Y_test = train_test_split(X, Y)\n",
    "print(X_train.shape, Y_train.shape)"
   ]
  },
  {
   "cell_type": "code",
   "execution_count": 258,
   "metadata": {},
   "outputs": [],
   "source": [
    "class Perceptron:\n",
    "    def __init__(self, epochs=4, learning_rate=0.0001):\n",
    "        # Hyper Parameters\n",
    "        self.epochs = epochs\n",
    "        self.lr = learning_rate\n",
    "        self.W = np.random.rand(1, 2)\n",
    "    \n",
    "    def fit(self, X, Y):\n",
    "        N = X.shape[0]\n",
    "        xx = np.arange(X[:, 0].min(),X[:, 0].max())\n",
    "        yy = np.arange(X[:, 1].min(),X[:, 1].max())\n",
    "        xx, yy = np.meshgrid(xx, yy)\n",
    "        fig = plt.figure(figsize=(12, 6))\n",
    "        Errors = []\n",
    "        \n",
    "        for epoch in range(self.epochs):\n",
    "            for i in range(N):\n",
    "                x = X[i].reshape(-1, 1)\n",
    "                y_pred = np.matmul(self.W, x) \n",
    "                e = Y[i] - y_pred # just 1 Error\n",
    "                \n",
    "                # Update Weights\n",
    "                x = x.reshape(1, 2)\n",
    "                self.W += self.lr * e * x\n",
    "                            \n",
    "                # calculate loss function\n",
    "                W = self.W.reshape(2, 1)\n",
    "                Y_pred = np.matmul(X, W)\n",
    "                Error = np.mean(np.abs(Y - Y_pred)) # MAE\n",
    "                Errors.append(Error)\n",
    "\n",
    "        # Visualization\n",
    "        ax1 = fig.add_subplot(121, projection=\"3d\")\n",
    "        ax1.scatter(X[:, 0], X[:, 1], Y, c='green')\n",
    "        Z = xx * self.W[0, 0]  + yy * self.W[0, 1]\n",
    "        ax1.plot_surface(xx, yy, Z, alpha=0.5)\n",
    "        ax1.set_xlabel(\"ZN\")\n",
    "        ax1.set_ylabel(\"RM\")\n",
    "        ax1.set_zlabel(\"Price\")\n",
    "\n",
    "        ax2 = fig.add_subplot(122)\n",
    "        ax2.plot(Errors)\n",
    "        ax2.set_title(\"MAE Loss\")\n",
    "        \n",
    "        plt.show()\n",
    "        \n",
    "        print(\"Training complete successfully\")\n",
    "        \n",
    "    def predict(self, X_test):\n",
    "        W = self.W.T\n",
    "        Y_pred = np.matmul(X_test, W)\n",
    "        return Y_pred\n",
    "    \n",
    "    def evaluate(self, X_test, Y_true):\n",
    "        Y_pred = self.predict(X_test)\n",
    "        MAE_loss = np.mean(np.abs(Y_true - Y_pred))\n",
    "        return MAE_loss"
   ]
  },
  {
   "cell_type": "code",
   "execution_count": 259,
   "metadata": {},
   "outputs": [
    {
     "data": {
